1 0.3061171875 0.4972361111111111 0.516921875 0.67225
0 0.23278125 0.3675555555555555 0.0561875 0.05177777777777778
0 0.173125 0.3668194444444445 0.060312500000000005 0.05309722222222222
0 0.1112578125 0.36513888888888885 0.066265625 0.049708333333333334
0 0.13840625 0.3012916666666667 0.0596171875 0.04979166666666667
0 0.24542187499999998 0.29943055555555553 0.056460937499999996 0.05441666666666667
0 0.194 0.2994861111111111 0.0458046875 0.04618055555555556
0 0.24058593749999999 0.22263888888888891 0.065546875 0.053611111111111116
0 0.2612734375 0.19683333333333333 0.05535156249999999 0.04088888888888889
0 0.20167968749999998 0.19708333333333333 0.0611796875 0.044180555555555556
0 0.1742578125 0.22691666666666666 0.067109375 0.05170833333333333
0 0.1038828125 0.22412500000000002 0.0655703125 0.05658333333333333
0 0.1388515625 0.19918055555555556 0.056734375000000004 0.051430555555555556
0 0.1160078125 0.4938472222222222 0.0585859375 0.05298611111111111
0 0.134609375 0.43280555555555555 0.0472421875 0.04223611111111111
0 0.178171875 0.49218055555555557 0.054593749999999996 0.05173611111111111
0 0.190296875 0.43577777777777776 0.05846875 0.043763888888888894
0 0.238921875 0.49070833333333336 0.0581015625 0.05469444444444445
0 0.2456640625 0.4340138888888889 0.061640625000000004 0.034708333333333334
0 0.3956953125 0.36518055555555556 0.06639062500000001 0.055763888888888884
0 0.4028203125 0.3091388888888889 0.0599921875 0.037736111111111116
0 0.4638671875 0.3693194444444445 0.06446093750000001 0.05301388888888889
0 0.5253203125 0.3664583333333334 0.058734375000000005 0.05043055555555556
0 0.5220703125 0.3164444444444445 0.054296875 0.044013888888888894
0 0.45913281250000004 0.31795833333333334 0.055171875 0.035902777777777777
0 0.39421093749999997 0.22102777777777777 0.0615859375 0.05240277777777777
0 0.4030234375 0.1900416666666667 0.054484374999999995 0.04119444444444444
0 0.45727343749999994 0.22574999999999998 0.0588984375 0.051291666666666666
0 0.46050781250000006 0.1922638888888889 0.0600703125 0.042875
0 0.519671875 0.19365277777777778 0.056523437499999996 0.04006944444444445
0 0.5192812499999999 0.22080555555555553 0.0645625 0.05006944444444444
0 0.520796875 0.49230555555555555 0.05996875 0.05429166666666667
0 0.5214609375 0.43694444444444447 0.0569921875 0.043333333333333335
0 0.46511718750000003 0.4304722222222222 0.0521015625 0.035944444444444446
0 0.46275000000000005 0.48741666666666666 0.051070312500000006 0.058486111111111114
0 0.39709374999999997 0.49356944444444445 0.0542578125 0.05452777777777777
0 0.3999140625 0.44633333333333336 0.052945312499999994 0.05377777777777778
0 0.1803046875 0.5976111111111111 0.059710937500000005 0.043680555555555556
0 0.24222656250000002 0.5918333333333333 0.054609375 0.057999999999999996
0 0.11712499999999999 0.59475 0.0641875 0.04940277777777778
0 0.1355546875 0.5537222222222222 0.053921874999999994 0.035222222222222224
0 0.1889765625 0.5517638888888888 0.0501796875 0.029791666666666664
0 0.2489609375 0.5482777777777778 0.052078124999999996 0.022875
0 0.40201562500000004 0.599486111111111 0.05846875 0.04548611111111111
0 0.40163281250000005 0.5395277777777777 0.0545390625 0.03461111111111111
0 0.4619453125 0.5521527777777778 0.052671875 0.03763888888888889
0 0.45802343749999996 0.5948888888888889 0.0698828125 0.04631944444444445
0 0.52071875 0.5979027777777778 0.056999999999999995 0.05420833333333334
0 0.5208359375 0.5519861111111111 0.055734375 0.03730555555555556