2 0.2989140625 0.5180833333333333 0.2115546875 0.6199861111111111
0 0.355328125 0.29583333333333334 0.05128125 0.041652777777777775
0 0.303234375 0.2950138888888889 0.0580390625 0.04558333333333334
0 0.240203125 0.2889027777777778 0.0663359375 0.04723611111111111
0 0.2464296875 0.2661805555555556 0.0584921875 0.03790277777777778
0 0.30878125 0.27020833333333333 0.055070312499999996 0.043180555555555555
0 0.3610859375 0.2712222222222222 0.04975 0.041402777777777774
0 0.367953125 0.25 0.05159375000000001 0.041666666666666664
0 0.31482031250000003 0.25230555555555556 0.043703124999999995 0.04072222222222222
0 0.2611796875 0.25579166666666664 0.0567421875 0.04215277777777778
0 0.2329921875 0.48737500000000006 0.058203125 0.04747222222222222
0 0.29534375 0.4857222222222223 0.05475 0.04923611111111111
0 0.3598828125 0.48533333333333334 0.058820312500000006 0.051222222222222225
0 0.36698437500000003 0.43498611111111113 0.057406250000000006 0.042194444444444444
0 0.310328125 0.43844444444444447 0.05034375 0.04911111111111111
0 0.24246875 0.4417083333333333 0.06461718749999999 0.03897222222222222
0 0.3749609375 0.3944027777777778 0.059296875000000006 0.04158333333333333
0 0.3143203125 0.396375 0.0551953125 0.03719444444444445
0 0.24988281250000002 0.40004166666666663 0.076328125 0.03065277777777778
0 0.242109375 0.6181944444444445 0.06390625 0.05581944444444444
0 0.30765625 0.6157777777777778 0.06218749999999999 0.050986111111111114
0 0.37278125 0.6150694444444444 0.0580546875 0.06068055555555555
0 0.376328125 0.5728333333333333 0.0542109375 0.03179166666666667
0 0.38005468750000004 0.5377777777777778 0.053859375 0.03943055555555556
0 0.32032812499999996 0.568861111111111 0.05940625000000001 0.03772222222222222
0 0.326453125 0.5353055555555556 0.0450859375 0.03727777777777778
0 0.2521796875 0.5695416666666666 0.0641875 0.0395
0 0.23678906249999998 0.7432083333333334 0.056382812500000004 0.04754166666666666
0 0.2453046875 0.6903194444444444 0.048421874999999996 0.04731944444444444
0 0.25790625 0.6317916666666666 0.0423671875 0.04415277777777778
0 0.266578125 0.5856805555555555 0.037843749999999995 0.03525
0 0.2938125 0.7446527777777777 0.052992187499999996 0.05791666666666667
0 0.303515625 0.6892638888888889 0.0523359375 0.04797222222222222
0 0.35665625 0.7435972222222222 0.050812500000000003 0.051680555555555556
0 0.3653359375 0.6881666666666667 0.0572421875 0.04854166666666667
0 0.3063984375 0.6336666666666667 0.0456171875 0.045125000000000005
0 0.3625390625 0.6386666666666666 0.0532109375 0.049916666666666665
0 0.318859375 0.5881944444444445 0.036148437500000005 0.03193055555555555
0 0.375140625 0.5934444444444444 0.04246875 0.042458333333333334
4 0.2975234375 0.2509027777777778 0.2024140625 0.14548611111111112
5 0.3019375 0.41938888888888887 0.2156328125 0.1840138888888889
6 0.3063125 0.6587222222222222 0.20129687500000001 0.282125