3 0.1837734375 0.4683611111111112 0.194109375 0.6922638888888889
0 0.12328125000000001 0.12583333333333332 0.0621953125 0.05723611111111111
0 0.1851875 0.12309722222222222 0.0547578125 0.04897222222222222
0 0.20754687500000002 0.10645833333333334 0.060406249999999995 0.043472222222222225
0 0.1515 0.10548611111111111 0.056125 0.04984722222222222
0 0.156421875 0.24031944444444445 0.05190625 0.04729166666666666
0 0.20716406250000002 0.24459722222222224 0.045578125000000004 0.050305555555555555
0 0.1432578125 0.4124861111111111 0.05254687500000001 0.049972222222222216
0 0.19244531250000002 0.4150277777777778 0.0492890625 0.04672222222222222
0 0.2198046875 0.3909305555555556 0.0458515625 0.051319444444444445
0 0.16210156250000002 0.3855416666666666 0.050687499999999996 0.05254166666666667
0 0.2017421875 0.56425 0.0581640625 0.04518055555555556
0 0.2297265625 0.5220833333333333 0.0610078125 0.044180555555555556
0 0.14634375 0.5605833333333333 0.0520625 0.04895833333333333
0 0.154640625 0.6857638888888888 0.04678125 0.04373611111111111
0 0.1675234375 0.5243888888888889 0.045984375 0.046
0 0.21125781250000003 0.6864444444444444 0.047515625 0.050652777777777776
4 0.17542968750000001 0.10704166666666666 0.17079687500000001 0.12588888888888888
5 0.1782421875 0.2425277777777778 0.1589609375 0.13230555555555557
6 0.18855468749999998 0.3837222222222222 0.156625 0.140625
7 0.1857109375 0.5273055555555556 0.161421875 0.13602777777777778
4 0.195421875 0.6758055555555555 0.166796875 0.14443055555555556